Traveling cost matrix 

0	60.92	72	89.44	100	82.48	44.72	84.84	105	128.08	102		
60.92	0	130.24	58.24	128.8	128.8	99.36	84.08	126.32	71.2	62.24	
72	130.24	0	137.64	80.88	95.4	65.6	145	144.28	189.68	173.16	
89.44	58.24	137.64	0	100	170.88	134.16	141.44	180.16	60	116.6	
100	128.8	80.88	100	0	164.92	126.48	184.4	202.16	160	188.68		
82.48	128.8	95.4	170.88	164.92	0	40	82.48	55.72	200	134.16		
44.72	99.36	65.6	134.16	126.48	40	0	82.48	79.4	169.72	121.64	
84.84	84.08	145	141.44	184.4	82.48	82.48	0	48.84	145.6	56.56	
105	126.32	144.28	180.16	202.16	55.72	79.4	48.84	0	192.4	105		
128.08	71.2	189.68	60	160	200	169.72	145.6	192.4	0	100		
102	62.24	173.16	116.6	188.68	134.16	121.64	56.56	105	100	0


%%%%%%%%%%%%%%%%%%%%%%%%%%%

CompartNum 	LoadingCost				
1		40
2		80
3		120
4	 	160	

%%%%%%%%%%%%%%%%%%%%%%%%%%%%%

Unloading cost: 40. (The same for all the stores)