
The travelling time matrix

0	30	35	45	50	40	20	40	50	65	50		
30,	0	65	30	65	65	50	40	65	35	30
35,	65	0	70	40	45	30	70	70	95	85
45,	30	70	0	50	85	65	70	9	30	55
50,	65	40	50	0	80	60	90	100     80      95
40,	65	45	85	80	0	20	40	25	100     65
20,	50	30	65	60	20	0	40	40	85	60
40,	40	70	70	90	40	40	 0	25	70	30
50,	65	70	90	100     25      40      25      0	95	50
65,	35	95	30	80	100.    85      70      95   	0	50
50,	30	85	55	95	65,	60	30      50 	50 	0	



%%%%%%%%%%%%%%%%%%%%%%%%%%%

Store 	ServiceTime(min)				
1		15
2		17
3		14
4	 	19
5	 	14
6	 	17
7		15
8	 	20
9	 	10
10	 	15

%%%%%%%%%%%%%%%%%%%%%%%%%%%

Maximum tour duration (min): 480

